2010000A
2008007D
AE080000
2008001E
AE080001
20080002
AE080002
20080007
AE080003
20080039
AE080004
20110000
200b0005
022b602a
1180000f
22320001
02304820
024b602a
11800009
02505020
8d380000
8d590000
0338602a
11800002
ad580000
ad390000
22520001
08000011
22310001
0800000d
00000000
00000000
00000000
00000000
00000000
00000000
00000000
00000000
00000000
00000000
00000000
00000000
00000000
00000000
00000000
00000000
00000000
00000000
00000000
00000000
00000000
00000000
00000000
00000000
00000000
00000000
00000000
00000000
00000000
00000000
00000000
00000000
00000000
00000000
00000000
00000000
00000000
00000000
00000000
00000000
00000000
00000000
00000000
00000000
00000000
00000000
00000000
00000000
00000000
00000000
00000000